# Created by IBRelight

# Geometry file name (mesh)
m kuan-yu-decimated2-safetexcoords.obj

# Image file path
i 1024

# Estimated near and far planes
c	0.85500568	27.36018181

# 3 Sensors
D	1709.00000000	1130.00000000	1.51238942	5473.32812500	3418.00000000	-0.13584855	-0.32676831	11.78284168	0.00000000	0.00000000
D	1877.50000000	1298.00000000	1.44645607	5488.87011719	3755.00000000	-0.19350505	1.70969892	-22.60786629	0.00000000	0.00000000
D	1872.00000000	1872.00000000	1.00000000	5478.38476563	3744.00000000	-0.15722175	0.29772326	0.23244801	0.00000000	0.00000000

# Luminance encoding: Munsell 2/3.5/5.6.5/8/9.5
#	CIE-Y/100	Encoded
e	0.03100000		 50
e	0.09000000		104
e	0.19800000		142
e	0.36200000		166
e	0.59100000		175
e	0.90000000		186

# 240 Cameras
P	-0.99883032	0.00558677	0.04802869	-0.30803448	-0.04615486	-0.40621951	-0.91260916	8.17532158	0.01441166	-0.91375846	0.40600222	-12.54347992	0.00000000	0.00000000	0.00000000	1.00000000
P	-0.99927288	-0.00216393	0.03806657	-0.19758530	-0.03650639	0.34237310	-0.93885458	8.43260574	-0.01100135	-0.93956161	-0.34220314	-5.81666470	0.00000000	0.00000000	0.00000000	1.00000000
P	-0.51437813	0.79179353	-0.32936025	3.07207966	0.56782389	0.02665525	-0.82271838	7.21962547	-0.64264393	-0.61020696	-0.46331015	-4.55598450	0.00000000	0.00000000	0.00000000	1.00000000
P	-0.27308837	0.88185120	-0.38439715	3.52822328	0.86294556	0.04797065	-0.50301468	4.25100183	-0.42514431	-0.46908128	-0.77408981	-1.81031108	0.00000000	0.00000000	0.00000000	1.00000000
P	0.93374467	0.31805834	-0.16419426	1.20186949	0.04212529	-0.55317938	-0.83199644	7.41041374	-0.35545227	0.76995552	-0.52992660	-3.89239836	0.00000000	0.00000000	0.00000000	1.00000000
P	-0.48484057	-0.79505295	0.36444536	-3.31424999	-0.73186481	0.14066368	-0.66677403	6.10198212	0.47885641	-0.59000385	-0.65007073	-3.13525748	0.00000000	0.00000000	0.00000000	1.00000000
P	-0.62874228	-0.69892019	0.34087190	-3.08348894	-0.18446302	-0.29178959	-0.93852663	8.44211197	0.75541812	-0.65296966	0.05453552	-9.52539444	0.00000000	0.00000000	0.00000000	1.00000000
P	-0.15814160	-0.89654815	0.41375431	-3.86611223	-0.03294998	-0.41400227	-0.90967929	8.14612484	0.98686653	-0.15749133	0.03592974	-9.37026787	0.00000000	0.00000000	0.00000000	1.00000000
P	0.94483852	-0.30824727	0.11074203	-1.33031046	-0.08586884	-0.55939639	-0.82444054	7.37027884	0.31608024	0.76945388	-0.55500805	-3.81445909	0.00000000	0.00000000	0.00000000	1.00000000
P	0.01860317	-0.91279525	0.40799353	-3.84631824	-0.40280309	-0.38032547	-0.83252758	7.51983166	0.91509759	-0.14885341	-0.37475201	-5.65424633	0.00000000	0.00000000	0.00000000	1.00000000
P	-0.15507691	-0.89944482	0.40859541	-3.81194878	-0.39948270	-0.32118076	-0.85863644	7.75872326	0.90352905	-0.29638147	-0.30950490	-6.25102806	0.00000000	0.00000000	0.00000000	1.00000000
P	0.16016650	0.90627158	-0.39117587	3.46515369	-0.03572734	-0.39070982	-0.91982031	8.24053860	-0.98644322	0.16130008	-0.03019995	-8.30183125	0.00000000	0.00000000	0.00000000	1.00000000
P	-0.35453802	0.86539280	-0.35411590	3.24314857	-0.04174734	-0.39298925	-0.91859490	8.23054314	-0.93410915	-0.31089342	0.17545749	-10.20352936	0.00000000	0.00000000	0.00000000	1.00000000
P	0.75451386	0.59273076	-0.28174287	2.32893944	0.21605521	-0.62970906	-0.74618137	6.58347511	-0.61970073	0.50213218	-0.60318679	-3.19981170	0.00000000	0.00000000	0.00000000	1.00000000
P	0.85803306	0.45521131	-0.23782752	1.91954136	0.48743981	-0.86765587	0.09785542	-1.13366210	-0.16180755	-0.19988978	-0.96636558	-0.09561926	0.00000000	0.00000000	0.00000000	1.00000000
P	0.01554940	-0.91767031	0.39703831	-3.72850347	-0.92450714	-0.16444279	-0.34386793	3.19942236	0.38084745	-0.36171779	-0.85094970	-1.29286861	0.00000000	0.00000000	0.00000000	1.00000000
P	-0.93292731	-0.31084371	0.18172172	-1.54910469	-0.10874272	-0.23788866	-0.96518600	8.66943169	0.34325153	-0.92020929	0.18813084	-10.65803909	0.00000000	0.00000000	0.00000000	1.00000000
P	-0.99893302	0.00293016	0.04608988	-0.28428739	-0.04557667	-0.22372182	-0.97358686	8.73294258	0.00745854	-0.97464865	0.22361666	-10.90727139	0.00000000	0.00000000	0.00000000	1.00000000
P	0.32595906	0.86345756	-0.38495675	3.37773585	0.32082036	-0.48406240	-0.81409943	7.18331957	-0.88928342	0.14186113	-0.43479928	-4.68571329	0.00000000	0.00000000	0.00000000	1.00000000
P	0.99919087	0.00016309	-0.04021879	0.06618360	-0.00787335	-0.97985035	-0.19957791	1.63773692	-0.03944094	0.19973308	-0.97905624	0.01855910	0.00000000	0.00000000	0.00000000	1.00000000
P	-0.69443250	-0.65015388	0.30832362	-2.74964190	-0.60490805	0.29542729	-0.73946530	6.74196434	0.38967901	-0.70001620	-0.59843761	-3.58858156	0.00000000	0.00000000	0.00000000	1.00000000
P	-0.01381980	0.92027909	-0.39101839	3.50368977	-0.03785029	-0.39125693	-0.91950279	8.23820782	-0.99918783	0.00209282	0.04023993	-8.94615459	0.00000000	0.00000000	0.00000000	1.00000000
P	0.87272036	-0.45970649	0.16440544	-1.78472638	-0.48148024	-0.86616749	0.13390543	-1.24461985	0.08084546	-0.19601996	-0.97726160	-0.05076361	0.00000000	0.00000000	0.00000000	1.00000000
P	0.48595622	0.79722059	-0.35817015	3.08976960	0.13413709	-0.47299093	-0.87079668	7.74614811	-0.86362827	0.37512514	-0.33678973	-5.55256176	0.00000000	0.00000000	0.00000000	1.00000000
P	-0.94390875	0.31661513	-0.09376121	0.98848903	0.01890143	-0.23167504	-0.97260958	8.70951843	-0.32966504	-0.91982692	0.21269561	-10.72903156	0.00000000	0.00000000	0.00000000	1.00000000
P	0.51527101	-0.79002410	0.33220130	-3.25741386	-0.49103081	-0.58983284	-0.64108187	5.78208542	0.70241338	0.16720983	-0.69184995	-2.72609067	0.00000000	0.00000000	0.00000000	1.00000000
P	0.85689437	0.45936233	-0.23391937	1.87778020	0.33062321	-0.83789939	-0.43429592	3.69677019	-0.39550009	0.29480657	-0.86986709	-0.87317228	0.00000000	0.00000000	0.00000000	1.00000000
P	0.85755861	0.46258324	-0.22496666	1.77852285	0.07037815	-0.53875142	-0.83951998	7.47342443	-0.50954902	0.70410484	-0.49456668	-4.18426609	0.00000000	0.00000000	0.00000000	1.00000000
P	-0.19001265	0.90113783	-0.38967392	3.55218124	0.65345764	-0.18013833	-0.73521650	6.39241505	-0.73272663	-0.39433584	-0.55462688	-3.69596076	0.00000000	0.00000000	0.00000000	1.00000000
P	0.87441128	-0.45301047	0.17374250	-1.88913214	-0.20649996	-0.67152137	-0.71162969	6.36212063	0.43904752	0.58637917	-0.68073249	-2.72656894	0.00000000	0.00000000	0.00000000	1.00000000
P	0.85706592	0.45778722	-0.23636608	1.90365314	0.39833736	-0.87975985	-0.25951874	2.09705305	-0.32674974	0.12827124	-0.93636590	-0.31130755	0.00000000	0.00000000	0.00000000	1.00000000
P	0.19051480	-0.89736712	0.39804065	-3.79857850	-0.21572563	-0.43382573	-0.87479007	7.86338902	0.95768815	0.08079290	-0.27623531	-6.53146458	0.00000000	0.00000000	0.00000000	1.00000000
P	-0.85601741	-0.45782852	0.24005665	-2.09965467	-0.22778709	-0.08280256	-0.97018391	8.74522972	0.46405518	-0.88517612	-0.03340700	-8.68911839	0.00000000	0.00000000	0.00000000	1.00000000
P	-0.98702544	0.15784183	-0.02944063	0.41450807	0.05350595	0.15046023	-0.98716706	8.84388065	-0.15138660	-0.97593427	-0.15695354	-7.45048809	0.00000000	0.00000000	0.00000000	1.00000000
P	-0.98709184	0.15685336	-0.03235283	0.44750580	0.08370864	0.33306909	-0.93917936	8.40722561	-0.13653772	-0.92976451	-0.34189978	-5.79059219	0.00000000	0.00000000	0.00000000	1.00000000
P	0.99956387	0.00498905	-0.02910553	-0.05640112	-0.02115210	-0.56680691	-0.82357907	7.34759235	-0.02060610	0.82383555	-0.56645417	-3.63225126	0.00000000	0.00000000	0.00000000	1.00000000
P	-0.75540417	-0.58350652	0.29813540	-2.66416049	-0.04050281	-0.41253853	-0.91003925	8.15089607	0.65400618	-0.69952279	0.28799966	-11.60796070	0.00000000	0.00000000	0.00000000	1.00000000
P	0.75531006	0.59325939	-0.27847800	2.29425573	0.09571161	-0.52021670	-0.84865415	7.55163670	-0.64834094	0.61434340	-0.44970673	-4.56527328	0.00000000	0.00000000	0.00000000	1.00000000
P	-0.63019460	-0.69648707	0.34316260	-3.10722613	-0.03876689	-0.41319442	-0.90981728	8.14851665	0.77546883	-0.58666527	0.23339227	-11.13459587	0.00000000	0.00000000	0.00000000	1.00000000
P	0.94519389	-0.30933818	0.10449123	-1.26254499	-0.20212577	-0.80568224	-0.55679554	4.94066715	0.25642487	0.50515938	-0.82405114	-1.40552557	0.00000000	0.00000000	0.00000000	1.00000000
P	-0.51298851	0.79614669	-0.32092562	2.97863412	0.12242422	-0.30218825	-0.94535422	8.43506145	-0.84962058	-0.52424490	0.05755146	-9.17975807	0.00000000	0.00000000	0.00000000	1.00000000
P	-0.69586736	-0.64997506	0.30545211	-2.72165728	-0.66615057	0.42524749	-0.61270547	5.61301804	0.26835057	-0.62983882	-0.72889709	-2.38982916	0.00000000	0.00000000	0.00000000	1.00000000
P	0.93329799	0.31767869	-0.16743700	1.23648524	0.10689843	-0.69090396	-0.71499962	6.32107449	-0.34282303	0.64940894	-0.67877865	-2.56553531	0.00000000	0.00000000	0.00000000	1.00000000
P	-0.93269813	-0.31456006	0.17642598	-1.48999953	-0.22507897	0.12545340	-0.96623027	8.71126270	0.28180420	-0.94091094	-0.18781102	-7.26680517	0.00000000	0.00000000	0.00000000	1.00000000
P	0.96953422	-0.23616871	0.06502100	-0.89532912	-0.21890336	-0.95446092	-0.20269608	1.71501088	0.10993048	0.18228747	-0.97708064	-0.03412163	0.00000000	0.00000000	0.00000000	1.00000000
P	0.24413328	0.88176107	-0.40360415	3.58538723	0.86865211	-0.38386250	-0.31319827	2.50380874	-0.43109453	-0.27412948	-0.85965723	-1.02103984	0.00000000	0.00000000	0.00000000	1.00000000
P	-0.32715014	-0.85532105	0.40174457	-3.71645761	-0.03505060	-0.41386309	-0.90966409	8.14666462	0.94432211	-0.31167814	0.10541585	-9.99889851	0.00000000	0.00000000	0.00000000	1.00000000
P	-0.65535396	0.70116490	-0.28085402	2.65161300	0.37838250	-0.01704843	-0.92549235	8.20065022	-0.65371084	-0.71279526	-0.25413576	-6.43914223	0.00000000	0.00000000	0.00000000	1.00000000
P	-0.71710491	0.64519447	-0.26359934	2.51921415	0.62232065	0.42245087	-0.65897822	5.74154043	-0.31381133	-0.63659984	-0.70445943	-2.47713089	0.00000000	0.00000000	0.00000000	1.00000000
P	-0.85803723	-0.46028805	0.22783102	-1.96973610	-0.47912818	0.55764252	-0.67784292	6.16910553	0.18495473	-0.69077474	-0.69901502	-2.64501762	0.00000000	0.00000000	0.00000000	1.00000000
P	-0.85854983	-0.45910311	0.22829042	-1.97267151	-0.50372875	0.67219388	-0.54259807	4.98544741	0.09565305	-0.58084399	-0.80837542	-1.61320794	0.00000000	0.00000000	0.00000000	1.00000000
P	-0.65259248	0.70669359	-0.27332613	2.56853151	-0.04464684	-0.39596426	-0.91717988	8.21783829	-0.75639254	-0.58634156	0.28995496	-11.29717731	0.00000000	0.00000000	0.00000000	1.00000000
P	0.63141900	0.70616955	-0.32036641	2.70436502	-0.02959421	-0.39089453	-0.91995960	8.23979759	-0.77487695	0.59036094	-0.22591969	-6.55202389	0.00000000	0.00000000	0.00000000	1.00000000
P	-0.24194704	-0.88591981	0.39573699	-3.65851283	-0.81053156	-0.03966865	-0.58435011	5.36177301	0.53338563	-0.46213907	-0.70846820	-2.60910702	0.00000000	0.00000000	0.00000000	1.00000000
P	0.69628000	0.64453411	-0.31586382	2.67375183	0.63755620	-0.75751466	-0.14033398	0.96750808	-0.32972151	-0.10366919	-0.93836904	-0.31965381	0.00000000	0.00000000	0.00000000	1.00000000
P	-0.48610908	-0.78795755	0.37791654	-3.46024084	-0.03688881	-0.41356212	-0.90972829	8.14732742	0.87311924	-0.45616809	0.17196947	-10.59410667	0.00000000	0.00000000	0.00000000	1.00000000
P	-0.65503448	0.70266986	-0.27782163	2.61922073	0.24488436	-0.15041710	-0.95781332	8.52327251	-0.71481568	-0.69543493	-0.07354447	-8.04622269	0.00000000	0.00000000	0.00000000	1.00000000
P	-0.77647841	0.58695716	-0.22926527	2.21152616	0.41043684	0.19501908	-0.89079130	7.88473034	-0.47814521	-0.78577918	-0.39233696	-5.24658394	0.00000000	0.00000000	0.00000000	1.00000000
P	-0.87194282	0.46340373	-0.15802760	1.55820012	-0.04653163	-0.39973581	-0.91544861	8.20232010	-0.48739156	-0.79086554	0.37010968	-12.09786987	0.00000000	0.00000000	0.00000000	1.00000000
P	0.35908604	-0.85777617	0.36780065	-3.54907751	-0.53276563	-0.51195973	-0.67383826	6.09304237	0.76630151	0.04601436	-0.64083123	-3.21123052	0.00000000	0.00000000	0.00000000	1.00000000
P	-0.93347651	-0.30806372	0.18362561	-1.56965947	-0.04389191	-0.41002566	-0.91101724	8.16076088	0.35594258	-0.85847288	0.36922783	-12.28535271	0.00000000	0.00000000	0.00000000	1.00000000
P	-0.96930069	0.23461854	-0.07355511	0.82892680	0.21089429	0.63951272	-0.73928821	6.57558918	-0.12641129	-0.73210490	-0.66935980	-2.84509087	0.00000000	0.00000000	0.00000000	1.00000000
P	0.51447964	-0.78809196	0.33796704	-3.32094002	-0.18971083	-0.48897138	-0.85142046	7.64232779	0.83625382	0.37392250	-0.40107539	-5.35383987	0.00000000	0.00000000	0.00000000	1.00000000
P	0.01813241	-0.91528964	0.40238798	-3.78268194	-0.71444315	-0.29340735	-0.63520324	5.78478527	0.69945854	-0.27596557	-0.65924257	-3.06498837	0.00000000	0.00000000	0.00000000	1.00000000
P	0.48734206	0.79020154	-0.37159011	3.23577929	0.83743727	-0.54350263	-0.05747786	0.21343252	-0.24737930	-0.28317204	-0.92661595	-0.44352496	0.00000000	0.00000000	0.00000000	1.00000000
P	0.87311703	-0.45298767	0.18019108	-1.95603800	-0.02172223	-0.40539643	-0.91388285	8.18256950	0.48702648	0.79401255	-0.36379844	-5.57279158	0.00000000	0.00000000	0.00000000	1.00000000
P	0.24287097	0.88329792	-0.40099683	3.55998921	0.77145869	-0.42648318	-0.47219023	3.96666694	-0.58810306	-0.19467120	-0.78500825	-1.64461505	0.00000000	0.00000000	0.00000000	1.00000000
P	0.27486312	-0.88475096	0.37638545	-3.59912944	-0.80429310	-0.42607826	-0.41421002	3.79512453	0.52684236	-0.18887316	-0.82871228	-1.50049770	0.00000000	0.00000000	0.00000000	1.00000000
P	-0.77394605	0.59409314	-0.21922773	2.09865665	-0.04581899	-0.39782253	-0.91631752	8.21003532	-0.63159174	-0.69913554	0.33511394	-11.74138641	0.00000000	0.00000000	0.00000000	1.00000000
P	-0.77616709	0.58961272	-0.22343118	2.14690542	0.19752517	-0.10914739	-0.97420257	8.68509007	-0.59878916	-0.80027723	-0.03174674	-8.45714283	0.00000000	0.00000000	0.00000000	1.00000000
P	0.98725402	-0.15372591	0.04120522	-0.70049423	-0.05372671	-0.56561899	-0.82291466	7.34895706	0.14980976	0.81021202	-0.56666881	-3.66925716	0.00000000	0.00000000	0.00000000	1.00000000
P	-0.01741740	0.91782099	-0.39661229	3.56379223	0.33918759	-0.36772594	-0.86586916	7.65547466	-0.94055748	-0.14960715	-0.30490866	-5.86762714	0.00000000	0.00000000	0.00000000	1.00000000
P	0.93306094	0.31664285	-0.17068845	1.27211297	0.16791855	-0.80303508	-0.57178491	4.99425697	-0.31812042	0.50484842	-0.80245090	-1.47219431	0.00000000	0.00000000	0.00000000	1.00000000
P	-0.77537000	0.59152901	-0.22112176	2.12113261	0.07757487	-0.25827995	-0.96295047	8.60725975	-0.62672442	-0.76379639	0.15437473	-10.12224007	0.00000000	0.00000000	0.00000000	1.00000000
P	0.93445808	0.31766376	-0.16086577	1.16764426	-0.02392280	-0.39474717	-0.91847831	8.22505856	-0.35526857	0.86212784	-0.36127529	-5.40301991	0.00000000	0.00000000	0.00000000	1.00000000
P	-0.62840348	-0.70315945	0.33267987	-2.99210954	-0.56098014	0.11336594	-0.82003015	7.44954586	0.53889740	-0.70193660	-0.46569800	-4.80913353	0.00000000	0.00000000	0.00000000	1.00000000
P	-0.24376978	-0.88662070	0.39303955	-3.63171673	-0.89667070	0.05162346	-0.43967789	4.07373238	0.36953744	-0.45960721	-0.80759102	-1.68853319	0.00000000	0.00000000	0.00000000	1.00000000
P	0.98735678	-0.15463156	0.03486640	-0.63199317	-0.11015078	-0.82748246	-0.55058110	4.86246538	0.11398854	0.53977942	-0.83405322	-1.27967012	0.00000000	0.00000000	0.00000000	1.00000000
P	0.15680668	0.90434724	-0.39694807	3.52702713	0.33547416	-0.42679495	-0.83982331	7.41657495	-0.92890728	-0.00147591	-0.37030941	-5.26960850	0.00000000	0.00000000	0.00000000	1.00000000
P	0.32882524	0.86496812	-0.37908331	3.31475925	-0.03366843	-0.39041293	-0.92002404	8.24176311	-0.94379044	0.31529024	-0.09925549	-7.67670536	0.00000000	0.00000000	0.00000000	1.00000000
P	-0.99903983	0.00061106	0.04380752	-0.25965095	-0.04380298	-0.03397003	-0.99846250	8.96365166	0.00087802	-0.99942267	0.03396418	-9.20166683	0.00000000	0.00000000	0.00000000	1.00000000
P	0.48740330	0.79761285	-0.35531926	3.05925274	-0.03168053	-0.39050546	-0.92005533	8.24135494	-0.87260205	0.45969471	-0.16506486	-7.08835316	0.00000000	0.00000000	0.00000000	1.00000000
P	0.48468325	0.79515499	-0.36443204	3.15739107	0.44571760	-0.58301330	-0.67928731	5.91928339	-0.75260746	0.16680540	-0.63699138	-2.89755559	0.00000000	0.00000000	0.00000000	1.00000000
P	-0.71819711	0.64532411	-0.26028779	2.48741817	0.54896194	0.29560682	-0.78182954	6.86612368	-0.42759058	-0.70439577	-0.56656235	-3.68975115	0.00000000	0.00000000	0.00000000	1.00000000
P	0.85693169	0.46215886	-0.22820447	1.81284976	0.16438875	-0.66468281	-0.72881627	6.43568611	-0.48851249	0.58703148	-0.64556146	-2.83921218	0.00000000	0.00000000	0.00000000	1.00000000
P	0.94535041	-0.30788955	0.10731573	-1.29492652	-0.14671165	-0.69559991	-0.70328969	6.27151442	0.29118437	0.64911073	-0.70275664	-2.48947120	0.00000000	0.00000000	0.00000000	1.00000000
P	0.35640609	-0.85509169	0.37655401	-3.64248300	-0.02695316	-0.41226161	-0.91066670	8.15411568	0.93394232	0.31441784	-0.16997997	-7.46311760	0.00000000	0.00000000	0.00000000	1.00000000
P	0.62913221	0.70392942	-0.32966036	2.80425739	0.39341900	-0.65414613	-0.64599872	5.62517071	-0.67038357	0.27672395	-0.68848366	-2.44323301	0.00000000	0.00000000	0.00000000	1.00000000
P	-0.85667402	-0.45540476	0.24231417	-2.12380838	-0.13729249	-0.25150925	-0.95806777	8.61079025	0.49725288	-0.85401970	0.15293778	-10.36966515	0.00000000	0.00000000	0.00000000	1.00000000
P	-0.94476146	0.31248325	-0.09889403	1.04368103	0.14518604	0.12848206	-0.98102671	8.76655960	-0.29384831	-0.94119424	-0.16675310	-7.32674170	0.00000000	0.00000000	0.00000000	1.00000000
P	-0.75390083	-0.58781630	0.29343751	-2.61386013	-0.27942425	-0.11734778	-0.95296985	8.59897041	0.59460545	-0.80043834	-0.07578154	-8.32993507	0.00000000	0.00000000	0.00000000	1.00000000
P	0.77714008	-0.58378363	0.23505302	-2.43046522	-0.26069102	-0.63857013	-0.72406375	6.48893356	0.57279444	0.50142276	-0.64844561	-3.05509830	0.00000000	0.00000000	0.00000000	1.00000000
P	-0.01605373	0.91417789	-0.40499514	3.65661883	0.79613966	-0.23335755	-0.55830628	4.75256205	-0.60489994	-0.33139560	-0.72406703	-2.20115757	0.00000000	0.00000000	0.00000000	1.00000000
P	0.87376076	-0.45724356	0.16574213	-1.79967368	-0.41702315	-0.87971467	-0.22845966	1.99747908	0.25026748	0.13050078	-0.95934129	-0.23110902	0.00000000	0.00000000	0.00000000	1.00000000
P	-0.51479012	0.79275483	-0.32639077	3.03802705	0.43411067	-0.08725751	-0.89662367	7.92200994	-0.73928279	-0.60326272	-0.29922402	-6.00474310	0.00000000	0.00000000	0.00000000	1.00000000
P	0.32577416	0.86212790	-0.38808072	3.41185522	0.48377213	-0.50467092	-0.71503276	6.23953724	-0.81230271	0.04519656	-0.58148217	-3.39314437	0.00000000	0.00000000	0.00000000	1.00000000
P	0.98714185	-0.15652034	0.03243981	-0.60298204	-0.13238846	-0.91428846	-0.38281834	3.32849121	0.08957820	0.37360135	-0.92325389	-0.49032521	0.00000000	0.00000000	0.00000000	1.00000000
P	-0.99947912	-0.00141504	0.03224201	-0.13676119	-0.02087687	0.79020476	-0.61248720	5.51679087	-0.02461110	-0.61284131	-0.78982270	-1.75635076	0.00000000	0.00000000	0.00000000	1.00000000
P	-0.27463019	0.88258290	-0.38160935	3.50147724	0.76533312	-0.03961957	-0.64241379	5.53326368	-0.58210266	-0.46848449	-0.66458917	-2.75249052	0.00000000	0.00000000	0.00000000	1.00000000
P	-0.94327945	0.31906083	-0.09178282	0.96527040	-0.04695245	-0.40187824	-0.91448855	8.19348717	-0.32866302	-0.85830885	0.39406416	-12.35443497	0.00000000	0.00000000	0.00000000	1.00000000
P	0.85852188	0.46237829	-0.22169018	1.74441469	-0.02564862	-0.39306957	-0.91915095	8.23171997	-0.51213509	0.79479724	-0.32559943	-5.69700050	0.00000000	0.00000000	0.00000000	1.00000000
P	0.96092987	0.23693198	-0.14309791	1.02190030	0.20276168	-0.95447642	-0.21877491	1.76604533	-0.18841834	0.18121257	-0.96522564	-0.07546750	0.00000000	0.00000000	0.00000000	1.00000000
P	-0.75367564	-0.58950710	0.29061037	-2.58189368	-0.38549075	0.03836647	-0.92191374	8.34119225	0.53232497	-0.80685157	-0.25616542	-6.69633484	0.00000000	0.00000000	0.00000000	1.00000000
P	-0.96949542	0.23479877	-0.07034307	0.79783309	0.18041025	0.48929775	-0.85325253	7.60883617	-0.16592394	-0.83991504	-0.51673204	-4.20996141	0.00000000	0.00000000	0.00000000	1.00000000
P	-0.65387189	0.70471239	-0.27537605	2.59211612	0.10220805	-0.27835464	-0.95502472	8.52885628	-0.74966997	-0.65260947	0.10998099	-9.68533707	0.00000000	0.00000000	0.00000000	1.00000000
P	0.77714151	-0.58496362	0.23209620	-2.39738607	-0.36706761	-0.72090036	-0.58784693	5.26411152	0.51118731	0.37164524	-0.77496278	-1.91629457	0.00000000	0.00000000	0.00000000	1.00000000
P	-0.35787389	0.86065495	-0.36221451	3.33158803	0.47584811	-0.16566636	-0.86378425	7.60999393	-0.80342692	-0.48148492	-0.35025337	-5.52154732	0.00000000	0.00000000	0.00000000	1.00000000
P	0.63018513	0.70585561	-0.32347262	2.73731375	0.11724018	-0.49833524	-0.85902077	7.64177370	-0.76754248	0.50341815	-0.39679810	-5.02323914	0.00000000	0.00000000	0.00000000	1.00000000
P	0.87279075	-0.45981580	0.16372460	-1.77973139	-0.45947626	-0.88718522	-0.04223652	0.31628287	0.16467507	-0.03836392	-0.98560148	0.00243053	0.00000000	0.00000000	0.00000000	1.00000000
P	-0.98647982	0.16206011	-0.02437339	0.36049616	-0.01295020	-0.22534537	-0.97419286	8.73096752	-0.16337024	-0.96070600	0.22439738	-10.87450981	0.00000000	0.00000000	0.00000000	1.00000000
P	0.93317503	0.31498909	-0.17310776	1.30067670	0.22267446	-0.88472575	-0.40948316	3.49221778	-0.28213561	0.34357277	-0.89574397	-0.65981233	0.00000000	0.00000000	0.00000000	1.00000000
P	0.99928081	0.00217756	-0.03785593	0.04092559	-0.01250255	-0.92359889	-0.38315642	3.30415463	-0.03579804	0.38335416	-0.92290741	-0.46434444	0.00000000	0.00000000	0.00000000	1.00000000
P	0.98110420	0.16105849	-0.10721357	0.68353152	0.10713916	-0.91366243	-0.39209971	3.35879517	-0.16110800	0.37320390	-0.91365367	-0.52093947	0.00000000	0.00000000	0.00000000	1.00000000
P	0.85784906	0.45523962	-0.23843639	1.92428637	0.45093700	-0.88934684	-0.07561788	0.41597903	-0.24647690	-0.04265106	-0.96820968	-0.06343144	0.00000000	0.00000000	0.00000000	1.00000000
P	0.98705161	-0.15412571	0.04443463	-0.73379850	-0.02138843	-0.40100905	-0.91582435	8.20045185	0.15897077	0.90301549	-0.39911312	-5.17152786	0.00000000	0.00000000	0.00000000	1.00000000
P	-0.99938107	-0.00241815	0.03509533	-0.16535583	-0.03132890	0.51495224	-0.85664618	7.68926048	-0.01600092	-0.85721546	-0.51470923	-4.26288605	0.00000000	0.00000000	0.00000000	1.00000000
P	-0.94481725	0.31142586	-0.10165761	1.07576704	0.20049623	0.30429304	-0.93123949	8.30732727	-0.25907835	-0.90023315	-0.34994102	-5.68852329	0.00000000	0.00000000	0.00000000	1.00000000
P	-0.98676717	0.15993649	-0.02666170	0.38589242	0.02092593	-0.03744074	-0.99907970	8.95461559	-0.16078752	-0.98641700	0.03359848	-9.16062260	0.00000000	0.00000000	0.00000000	1.00000000
P	-0.15482111	-0.90078712	0.40572533	-3.77956104	-0.56348300	-0.25681430	-0.78519636	7.12442160	0.81149083	-0.35018429	-0.46781790	-4.81423283	0.00000000	0.00000000	0.00000000	1.00000000
P	-0.18905807	0.90501839	-0.38104957	3.45650053	0.14840691	-0.35725653	-0.92214054	8.21541500	-0.97068655	-0.23088849	-0.06676875	-8.00930309	0.00000000	0.00000000	0.00000000	1.00000000
P	0.77677971	-0.58640701	0.22965217	-2.36837053	-0.45896563	-0.77681988	-0.43116283	3.84836364	0.43123528	0.22951607	-0.87255859	-1.03680801	0.00000000	0.00000000	0.00000000	1.00000000
P	-0.48702377	-0.79482257	0.36202893	-3.28912568	-0.85428768	0.34730428	-0.38674572	3.63203192	0.18166001	-0.49763122	-0.84815258	-1.26788497	0.00000000	0.00000000	0.00000000	1.00000000
P	0.15791759	0.90540421	-0.39408782	3.49604464	0.15271232	-0.41668713	-0.89613104	7.97543192	-0.97557211	0.08133280	-0.20406860	-6.74699545	0.00000000	0.00000000	0.00000000	1.00000000
P	-0.01677555	0.91545051	-0.40208071	3.62656975	0.66586047	-0.28976285	-0.68750805	5.94957352	-0.74588770	-0.27926299	-0.60470140	-3.23260498	0.00000000	0.00000000	0.00000000	1.00000000
P	0.65415978	-0.69630492	0.29535478	-2.96431732	-0.02377506	-0.40923393	-0.91211969	8.16679192	0.75598264	0.58964998	-0.28425908	-6.36799526	0.00000000	0.00000000	0.00000000	1.00000000
P	0.94446415	-0.30827305	0.11382116	-1.36215258	-0.02140328	-0.40333822	-0.91480064	8.19111633	0.32791680	0.86156023	-0.38753653	-5.31661797	0.00000000	0.00000000	0.00000000	1.00000000
P	-0.96149719	-0.23955567	0.13467087	-1.08896232	-0.26075897	0.64055353	-0.72228527	6.52728987	0.08676364	-0.72959185	-0.67835671	-2.81166744	0.00000000	0.00000000	0.00000000	1.00000000
P	0.62938190	0.70243454	-0.33236149	2.83600521	0.51162112	-0.69648087	-0.50314838	4.28803635	-0.58491218	0.14662932	-0.79773277	-1.49420333	0.00000000	0.00000000	0.00000000	1.00000000
P	-0.87365669	0.45551232	-0.17097522	1.70141351	0.37803262	0.41429633	-0.82791901	7.33067131	-0.30629289	-0.78795117	-0.53415126	-4.01694202	0.00000000	0.00000000	0.00000000	1.00000000
P	0.87447339	-0.45395350	0.17094575	-1.85746229	-0.28843424	-0.76996166	-0.56917900	5.07447767	0.39000246	0.44842529	-0.80424672	-1.61881304	0.00000000	0.00000000	0.00000000	1.00000000
P	-0.98085302	-0.16047801	0.11033662	-0.87116897	-0.13452487	0.14863327	-0.97969955	8.81414032	0.14082055	-0.97578430	-0.16737567	-7.42211914	0.00000000	0.00000000	0.00000000	1.00000000
P	-0.77651286	0.58803827	-0.22635974	2.17804074	0.31015429	0.04399764	-0.94966757	8.43918228	-0.54848158	-0.80763555	-0.21654733	-6.80814123	0.00000000	0.00000000	0.00000000	1.00000000
P	-0.32463789	-0.86116767	0.39115277	-3.60046482	-0.67727238	-0.07702787	-0.73168904	6.66354752	0.66023660	-0.50245094	-0.55823892	-3.98533678	0.00000000	0.00000000	0.00000000	1.00000000
P	0.75662434	0.59304923	-0.27534020	2.26157904	-0.02765977	-0.39169809	-0.91967797	8.23700333	-0.65326452	0.70346659	-0.27996472	-6.08404493	0.00000000	0.00000000	0.00000000	1.00000000
P	0.75461167	0.58990377	-0.28735822	2.39296222	0.42789933	-0.77440089	-0.46605298	3.96672082	-0.49745688	0.22872864	-0.83679140	-1.15522397	0.00000000	0.00000000	0.00000000	1.00000000
P	-0.98080462	-0.15873651	0.11324775	-0.90443432	-0.10817148	-0.04029103	-0.99331546	8.93012714	0.16223830	-0.98649853	0.02234686	-9.13230228	0.00000000	0.00000000	0.00000000	1.00000000
P	-0.87269837	0.45627376	-0.17381532	1.72970283	0.46547487	0.66999221	-0.57831097	5.09073687	-0.14741319	-0.58559769	-0.79708511	-1.66215765	0.00000000	0.00000000	0.00000000	1.00000000
P	-0.48326087	-0.79203647	0.37301090	-3.40874243	-0.35928178	-0.20911422	-0.90949869	8.21763515	0.79835802	-0.57354116	-0.18350756	-7.38580894	0.00000000	0.00000000	0.00000000	1.00000000
P	0.01857735	-0.91407740	0.40511402	-3.81375599	-0.56932044	-0.34275153	-0.74725872	6.77727032	0.82190579	-0.21675761	-0.52677035	-4.27438068	0.00000000	0.00000000	0.00000000	1.00000000
P	-0.51089001	0.79836863	-0.31874594	2.95399594	-0.04343939	-0.39428961	-0.91795897	8.22478199	-0.85854787	-0.45512995	0.23611926	-10.77813911	0.00000000	0.00000000	0.00000000	1.00000000
P	-0.62805521	-0.70212656	0.33550698	-3.02392888	-0.45065439	-0.02331288	-0.89239407	8.08450699	0.63439518	-0.71167040	-0.30177465	-6.30025244	0.00000000	0.00000000	0.00000000	1.00000000
P	-0.01702956	0.91661280	-0.39941329	3.59531403	0.51242363	-0.33502033	-0.79068542	6.92886925	-0.85856396	-0.21813384	-0.46398881	-4.46318626	0.00000000	0.00000000	0.00000000	1.00000000
P	0.98110050	0.16272093	-0.10470796	0.65380788	0.07743954	-0.82609314	-0.55818748	4.88978195	-0.17732732	0.53952944	-0.82308137	-1.31356037	0.00000000	0.00000000	0.00000000	1.00000000
P	0.77564538	-0.58329892	0.24111530	-2.49381447	-0.02258293	-0.40741670	-0.91296309	8.17426968	0.63076478	0.70269054	-0.32918349	-5.92471313	0.00000000	0.00000000	0.00000000	1.00000000
P	-0.51239395	0.79061073	-0.33524188	3.13125706	0.76941663	0.24928986	-0.58809233	5.05529881	-0.38137972	-0.55927563	-0.73604363	-2.17035055	0.00000000	0.00000000	0.00000000	1.00000000
P	0.85671800	0.46104223	-0.23124519	1.84654117	0.25234279	-0.76567143	-0.59166747	5.15854597	-0.44984153	0.44853911	-0.77230519	-1.72103822	0.00000000	0.00000000	0.00000000	1.00000000
P	-0.85626292	-0.45895016	0.23702024	-2.06487894	-0.30951247	0.08850858	-0.94676727	8.55204868	0.41354066	-0.88404244	-0.21783741	-7.02105045	0.00000000	0.00000000	0.00000000	1.00000000
P	0.99946135	0.00502562	-0.03242988	-0.02143005	-0.01912171	-0.71393353	-0.69995230	6.21174669	-0.02667047	0.70019543	-0.71345294	-2.31730747	0.00000000	0.00000000	0.00000000	1.00000000
P	-0.98103851	-0.15403572	0.11762844	-0.95216978	-0.04517973	-0.40844241	-0.91166526	8.16698933	0.18847346	-0.89969319	0.39373842	-12.47189140	0.00000000	0.00000000	0.00000000	1.00000000
P	-0.15558729	-0.90192360	0.40289757	-3.74726892	-0.70631802	-0.18356246	-0.68368101	6.22834778	0.69058490	-0.39094588	-0.60848486	-3.52980208	0.00000000	0.00000000	0.00000000	1.00000000
P	-0.75418693	-0.58611637	0.29609066	-2.64237809	-0.16286618	-0.26985523	-0.94902730	8.53362560	0.63614208	-0.76396710	0.10806274	-9.98957729	0.00000000	0.00000000	0.00000000	1.00000000
P	0.32609925	0.86080456	-0.39073622	3.44311643	0.62780154	-0.50622153	-0.59127408	5.07195425	-0.70677048	-0.05249078	-0.70549285	-2.31543112	0.00000000	0.00000000	0.00000000	1.00000000
P	-0.32515588	-0.85714513	0.39946955	-3.69288182	-0.21373814	-0.34487990	-0.91398787	8.22343254	0.92118925	-0.38257042	-0.07106487	-8.40897083	0.00000000	0.00000000	0.00000000	1.00000000
P	0.48562422	0.79211605	-0.36975840	3.21673536	0.69255161	-0.60672748	-0.39019740	3.23060679	-0.53342420	-0.06658746	-0.84322280	-1.12140679	0.00000000	0.00000000	0.00000000	1.00000000
P	-0.19036791	0.90234011	-0.38670716	3.51836586	0.50226319	-0.24893157	-0.82810915	7.27575636	-0.84349972	-0.35187417	-0.40582362	-5.00120735	0.00000000	0.00000000	0.00000000	1.00000000
P	0.87403107	-0.45572394	0.16847947	-1.82808411	-0.35931343	-0.83967716	-0.40722984	3.60535359	0.32705274	0.29539460	-0.89765167	-0.78138161	0.00000000	0.00000000	0.00000000	1.00000000
P	0.51482880	-0.79137695	0.32965708	-3.22780585	-0.61619592	-0.60893685	-0.49949828	4.51291466	0.59603173	0.05402276	-0.80114150	-1.73350418	0.00000000	0.00000000	0.00000000	1.00000000
P	-0.87387377	0.45622489	-0.16793893	1.66927791	0.31050310	0.25797266	-0.91489780	8.13097000	-0.37407547	-0.85165071	-0.36709478	-5.50331497	0.00000000	0.00000000	0.00000000	1.00000000
P	0.98195344	0.16357647	-0.09492207	0.54980224	-0.02263976	-0.39662704	-0.91770065	8.21767902	-0.18776287	0.90328830	-0.38576597	-5.21583080	0.00000000	0.00000000	0.00000000	1.00000000
P	0.35857660	-0.85907453	0.36525851	-3.51953840	-0.66886026	-0.50938672	-0.54143435	4.91095829	0.65119028	-0.05016122	-0.75725496	-2.15090013	0.00000000	0.00000000	0.00000000	1.00000000
P	0.19097689	-0.90093797	0.38966477	-3.70513058	-0.70189351	-0.40284815	-0.58741713	5.34226513	0.68620211	-0.16132008	-0.70929718	-2.60088301	0.00000000	0.00000000	0.00000000	1.00000000
P	-0.32377505	-0.85888940	0.39683589	-3.66521382	-0.38484809	-0.26360905	-0.88453501	7.99382305	0.86432731	-0.43911189	-0.24519192	-6.83384895	0.00000000	0.00000000	0.00000000	1.00000000
P	-0.94442791	0.31437108	-0.09605598	1.01404655	0.08378313	-0.05235505	-0.99510771	8.90402031	-0.31786209	-0.94785535	0.02310657	-9.02790260	0.00000000	0.00000000	0.00000000	1.00000000
P	-0.98105735	-0.16118102	0.10745749	-0.83870602	-0.15634395	0.33126619	-0.93049413	8.37206841	0.11438095	-0.92966843	-0.35019082	-5.77145576	0.00000000	0.00000000	0.00000000	1.00000000
P	0.51303554	-0.78776282	0.34091681	-3.35086417	-0.02516543	-0.41080201	-0.91137719	8.16010284	0.85799837	0.45898956	-0.23058042	-6.88659716	0.00000000	0.00000000	0.00000000	1.00000000
P	0.98740900	-0.15361373	0.03776621	-0.66451848	-0.08369885	-0.70992583	-0.69928521	6.22035837	0.13423102	0.68731952	-0.71384442	-2.35113192	0.00000000	0.00000000	0.00000000	1.00000000
P	0.77639574	-0.58352691	0.23813014	-2.46294999	-0.14454724	-0.53263241	-0.83391172	7.47105169	0.61344582	0.61302447	-0.49788076	-4.40936375	0.00000000	0.00000000	0.00000000	1.00000000
P	-0.48315328	-0.79338139	0.37028214	-3.37747264	-0.50318646	-0.09447594	-0.85899806	7.78939438	0.71649587	-0.60134870	-0.35357243	-5.84322405	0.00000000	0.00000000	0.00000000	1.00000000
P	0.15631695	0.90315896	-0.39983606	3.55898118	0.50638413	-0.42084363	-0.75263917	6.58040237	-0.84802127	-0.08482038	-0.52313036	-3.92132473	0.00000000	0.00000000	0.00000000	1.00000000
P	0.65628642	-0.69803149	0.28642648	-2.86910939	-0.43519166	-0.66030908	-0.61204582	5.50216579	0.61635727	0.27702698	-0.73712939	-2.28917646	0.00000000	0.00000000	0.00000000	1.00000000
P	0.96113086	0.23478700	-0.14526725	1.04302943	0.23281208	-0.97203726	-0.03069404	0.05148588	-0.14841175	-0.00431898	-0.98891622	0.10484296	0.00000000	0.00000000	0.00000000	1.00000000
P	-0.01372752	0.91323018	-0.40721276	3.67902040	0.96116477	-0.10021085	-0.25713825	2.02075076	-0.27563354	-0.39492843	-0.87638903	-0.89952970	0.00000000	0.00000000	0.00000000	1.00000000
P	0.01711613	-0.91643208	0.39982399	-3.75526333	-0.83491242	-0.23311436	-0.49857691	4.57885885	0.55011660	-0.32528430	-0.76913059	-2.05530715	0.00000000	0.00000000	0.00000000	1.00000000
P	0.18863465	-0.89649659	0.40088752	-3.82764411	-0.02848623	-0.41303939	-0.91026753	8.15061951	0.98163408	0.16028823	-0.10345134	-8.08744049	0.00000000	0.00000000	0.00000000	1.00000000
P	0.48486549	0.79645002	-0.36134866	3.12364793	0.29561007	-0.53808999	-0.78935027	6.96163416	-0.82311612	0.27591041	-0.49633992	-4.13533020	0.00000000	0.00000000	0.00000000	1.00000000
P	0.99936259	0.00389847	-0.03548538	0.01269107	-0.01631341	-0.83428967	-0.55108494	4.84571218	-0.03175347	0.55131251	-0.83369434	-1.24898016	0.00000000	0.00000000	0.00000000	1.00000000
P	0.87406325	-0.45244917	0.17692713	-1.92289996	-0.11642052	-0.54865319	-0.82790452	7.40943527	0.47165635	0.70304298	-0.53223193	-4.06062937	0.00000000	0.00000000	0.00000000	1.00000000
P	-0.51372927	0.79101145	-0.33223948	3.10228229	0.68118781	0.14063053	-0.71847492	6.25279713	-0.52159894	-0.59541911	-0.61107337	-3.25785136	0.00000000	0.00000000	0.00000000	1.00000000
P	0.65568405	-0.69959295	0.28398612	-2.84005785	-0.54564172	-0.69902247	-0.46221495	4.15371418	0.52187502	0.14811230	-0.84006500	-1.35678864	0.00000000	0.00000000	0.00000000	1.00000000
P	0.01509194	-0.91747224	0.39751345	-3.73180699	-0.97758359	-0.09703843	-0.18685262	1.82159257	0.21000618	-0.38578266	-0.89837027	-0.81083190	0.00000000	0.00000000	0.00000000	1.00000000
P	0.65609705	-0.69695789	0.28945872	-2.90282583	-0.30832875	-0.59763396	-0.74011290	6.64763165	0.68881786	0.39633742	-0.60699803	-3.46389818	0.00000000	0.00000000	0.00000000	1.00000000
P	-0.35779184	0.86194813	-0.35920805	3.29910088	0.31268275	-0.25187874	-0.91585296	8.12130356	-0.87989461	-0.44000286	-0.17939615	-7.03556108	0.00000000	0.00000000	0.00000000	1.00000000
P	0.99913013	-0.00243510	-0.04163058	0.08161147	0.00461531	-0.98570389	0.16842377	-1.67366362	-0.04144555	-0.16846940	-0.98483521	0.04834911	0.00000000	0.00000000	0.00000000	1.00000000
P	0.51533329	-0.78875297	0.33511239	-3.29051638	-0.34714904	-0.54964483	-0.75985402	6.83807468	0.78352994	0.27524412	-0.55706513	-3.94550419	0.00000000	0.00000000	0.00000000	1.00000000
P	-0.48667577	-0.79517102	0.36173156	-3.28732061	-0.80836225	0.25292766	-0.53158075	4.89909840	0.33120573	-0.55111760	-0.76587999	-2.06386328	0.00000000	0.00000000	0.00000000	1.00000000
P	-0.85725951	-0.46019751	0.23092081	-1.99966729	-0.43753546	0.41468287	-0.79787272	7.24064350	0.27142012	-0.78501999	-0.55684358	-3.94275570	0.00000000	0.00000000	0.00000000	1.00000000
P	0.69524264	0.64678973	-0.31352940	2.65110111	0.56518763	-0.76142544	-0.31748107	2.59104872	-0.44407278	0.04352344	-0.89493299	-0.66532463	0.00000000	0.00000000	0.00000000	1.00000000
P	-0.85756737	-0.45259687	0.24440597	-2.14616656	-0.04240205	-0.41133404	-0.91049784	8.15568447	0.51262099	-0.79117656	0.33355561	-11.99369526	0.00000000	0.00000000	0.00000000	1.00000000
P	0.32696360	0.86432862	-0.38213983	3.34698462	0.14597262	-0.44570249	-0.88319945	7.85770321	-0.93369526	0.23299211	-0.27189681	-6.13313913	0.00000000	0.00000000	0.00000000	1.00000000
P	-0.01467130	0.91300744	-0.40767899	3.68287516	0.89683884	-0.16826366	-0.40910563	3.37918377	-0.44211403	-0.37162447	-0.81635189	-1.41662526	0.00000000	0.00000000	0.00000000	1.00000000
P	0.48697662	0.79017782	-0.37211934	3.23958015	0.78014511	-0.58508766	-0.22146341	1.68070376	-0.39271790	-0.18245959	-0.90137738	-0.64685518	0.00000000	0.00000000	0.00000000	1.00000000
P	0.94502413	-0.31068587	0.10199843	-1.23312604	-0.24912967	-0.88610101	-0.39084443	3.42926502	0.21181077	0.34394661	-0.91478795	-0.59693718	0.00000000	0.00000000	0.00000000	1.00000000
P	0.19160935	-0.89968258	0.39224628	-3.73535204	-0.55900764	-0.42853189	-0.70983863	6.43075275	0.80671948	-0.08325695	-0.58504015	-3.73497057	0.00000000	0.00000000	0.00000000	1.00000000
P	0.51427895	-0.79284382	0.32697985	-3.19981623	-0.71994734	-0.60629314	-0.33776388	3.07246232	0.46603963	-0.06170341	-0.88260961	-0.98927498	0.00000000	0.00000000	0.00000000	1.00000000
P	-0.87299401	0.45555913	-0.17420493	1.73239183	0.43164214	0.55534089	-0.71083158	6.26365089	-0.22708270	-0.69574589	-0.68144780	-2.71052051	0.00000000	0.00000000	0.00000000	1.00000000
P	-0.85653329	-0.45990813	0.23416919	-2.03279972	-0.38010848	0.25525460	-0.88902342	8.04252338	0.34909636	-0.85048783	-0.39344904	-5.42882156	0.00000000	0.00000000	0.00000000	1.00000000
P	0.71867222	-0.64695519	0.25487113	-2.58373308	-0.58786595	-0.76106310	-0.27421999	2.45741248	0.37138104	0.04724422	-0.92727780	-0.55473173	0.00000000	0.00000000	0.00000000	1.00000000
P	0.35796288	-0.85572535	0.37362638	-3.61294746	-0.20540637	-0.46250635	-0.86249411	7.74763012	0.91086268	0.23199564	-0.34133154	-5.92055798	0.00000000	0.00000000	0.00000000	1.00000000
P	-0.51400727	0.79438359	-0.32365301	3.00832939	0.28367627	-0.19866027	-0.93811613	8.33291054	-0.80952102	-0.57401121	-0.12323494	-7.56769991	0.00000000	0.00000000	0.00000000	1.00000000
P	0.98154843	0.16404197	-0.09824923	0.58415729	0.01119677	-0.56224579	-0.82689440	7.37050915	-0.19088559	0.81053680	-0.55370820	-3.71048117	0.00000000	0.00000000	0.00000000	1.00000000
P	0.01753402	-0.91156679	0.41077796	-3.87589455	-0.22068869	-0.40423685	-0.88763118	7.98268652	0.97518671	-0.07509030	-0.20826037	-7.16169834	0.00000000	0.00000000	0.00000000	1.00000000
P	0.51270723	-0.79465544	0.32504466	-3.17973590	-0.84101117	-0.54100335	0.00394180	0.03368786	0.17271788	-0.27538717	-0.94569045	-0.36515880	0.00000000	0.00000000	0.00000000	1.00000000
P	0.99966055	0.00444223	-0.02567291	-0.09135628	-0.02177266	-0.39877239	-0.91679144	8.20922661	-0.01431025	0.91703916	-0.39854032	-5.13792467	0.00000000	0.00000000	0.00000000	1.00000000
P	-0.99916226	-0.00123908	0.04090609	-0.22986212	-0.04059130	0.15736042	-0.98670667	8.86186600	-0.00521439	-0.98754048	-0.15727888	-7.48145008	0.00000000	0.00000000	0.00000000	1.00000000
P	0.75436974	0.59143811	-0.28482842	2.36278653	0.32812363	-0.71552575	-0.61673152	5.37169695	-0.56856060	0.37178466	-0.73383582	-2.04951835	0.00000000	0.00000000	0.00000000	1.00000000
P	-0.87278360	0.46115652	-0.15994841	1.58072221	0.04931012	-0.24271165	-0.96884447	8.66823769	-0.48561028	-0.85347861	0.18909506	-10.47474861	0.00000000	0.00000000	0.00000000	1.00000000
P	-0.93307352	-0.31515500	0.17335281	-1.45570326	-0.27187669	0.30242163	-0.91357768	8.24338150	0.23549293	-0.89956570	-0.36786491	-5.63739061	0.00000000	0.00000000	0.00000000	1.00000000
P	-0.48414075	-0.79024041	0.37566981	-3.43704987	-0.20160773	-0.31704268	-0.92673528	8.33770370	0.85144705	-0.52440822	-0.00582531	-8.99270725	0.00000000	0.00000000	0.00000000	1.00000000
P	-0.96102268	-0.23959136	0.13795449	-1.12068653	-0.24225858	0.48934206	-0.83776796	7.56248283	0.13321503	-0.83853465	-0.52831185	-4.17256355	0.00000000	0.00000000	0.00000000	1.00000000
P	-0.32423747	-0.86003947	0.39395705	-3.63205481	-0.54110909	-0.17297699	-0.82297015	7.46691465	0.77593231	-0.48001152	-0.40928957	-5.34448957	0.00000000	0.00000000	0.00000000	1.00000000
P	0.98123175	0.16386943	-0.10164191	0.61993992	0.04507662	-0.70741880	-0.70535576	6.24655867	-0.18748964	0.68753576	-0.70152849	-2.39059401	0.00000000	0.00000000	0.00000000	1.00000000
